{
 "cells": [
  {
   "cell_type": "markdown",
   "metadata": {},
   "source": [
    "# <center> <span style=\"color:red\"><font size=\"+3\"> Build your own DNN! </font></span> </center> #\n",
    "\n",
    "<center>* <span style=\"color:red\">Auteur</span>           : BOUNHAR Abdelaziz</center>\n",
    "\n",
    "The begining is more experimental, we try to implement the different methods, we also included the selection of the model complexity in KFold Cross-Validation, to find the best one for each methods. Please refer to the end of this notebook to find the comparison of the differents methods using the same model complexity.\n"
   ]
  },
  {
   "cell_type": "markdown",
   "metadata": {},
   "source": [
    "# Libraries"
   ]
  },
  {
   "cell_type": "code",
   "execution_count": 658,
   "metadata": {},
   "outputs": [],
   "source": [
    "import numpy as np\n",
    "import pandas as pd\n",
    "import matplotlib.pyplot as plt\n",
    "import time\n",
    "from tqdm import tqdm\n",
    "from sklearn.model_selection import train_test_split"
   ]
  },
  {
   "cell_type": "code",
   "execution_count": 2,
   "metadata": {},
   "outputs": [
    {
     "data": {
      "text/html": [
       "\n",
       "<style>\n",
       ".output_png {\n",
       "    display: table-cell;\n",
       "    text-align: center;\n",
       "    vertical-align: middle;\n",
       "}\n",
       "</style>\n"
      ],
      "text/plain": [
       "<IPython.core.display.HTML object>"
      ]
     },
     "execution_count": 2,
     "metadata": {},
     "output_type": "execute_result"
    }
   ],
   "source": [
    "# For styling the figures.\n",
    "\n",
    "from IPython.core.display import HTML\n",
    "HTML(\"\"\"\n",
    "<style>\n",
    ".output_png {\n",
    "    display: table-cell;\n",
    "    text-align: center;\n",
    "    vertical-align: middle;\n",
    "}\n",
    "</style>\n",
    "\"\"\")"
   ]
  },
  {
   "cell_type": "markdown",
   "metadata": {},
   "source": [
    "# Data Preparation"
   ]
  },
  {
   "cell_type": "code",
   "execution_count": 2134,
   "metadata": {},
   "outputs": [],
   "source": [
    "df = pd.read_csv(\"data/Bodyfat.csv\", sep=',')"
   ]
  },
  {
   "cell_type": "code",
   "execution_count": 2136,
   "metadata": {},
   "outputs": [
    {
     "data": {
      "text/html": [
       "<div>\n",
       "<style scoped>\n",
       "    .dataframe tbody tr th:only-of-type {\n",
       "        vertical-align: middle;\n",
       "    }\n",
       "\n",
       "    .dataframe tbody tr th {\n",
       "        vertical-align: top;\n",
       "    }\n",
       "\n",
       "    .dataframe thead th {\n",
       "        text-align: right;\n",
       "    }\n",
       "</style>\n",
       "<table border=\"1\" class=\"dataframe\">\n",
       "  <thead>\n",
       "    <tr style=\"text-align: right;\">\n",
       "      <th></th>\n",
       "      <th>Density</th>\n",
       "      <th>bodyfat</th>\n",
       "      <th>Age</th>\n",
       "      <th>Weight</th>\n",
       "      <th>Height</th>\n",
       "      <th>Neck</th>\n",
       "      <th>Chest</th>\n",
       "      <th>Abdomen</th>\n",
       "      <th>Hip</th>\n",
       "      <th>Thigh</th>\n",
       "      <th>Knee</th>\n",
       "      <th>Ankle</th>\n",
       "      <th>Biceps</th>\n",
       "      <th>Forearm</th>\n",
       "      <th>Wrist</th>\n",
       "    </tr>\n",
       "  </thead>\n",
       "  <tbody>\n",
       "    <tr>\n",
       "      <th>Density</th>\n",
       "      <td>1.000000</td>\n",
       "      <td>-0.987782</td>\n",
       "      <td>-0.277637</td>\n",
       "      <td>-0.594062</td>\n",
       "      <td>0.097881</td>\n",
       "      <td>-0.472966</td>\n",
       "      <td>-0.682599</td>\n",
       "      <td>-0.798955</td>\n",
       "      <td>-0.609331</td>\n",
       "      <td>-0.553091</td>\n",
       "      <td>-0.495040</td>\n",
       "      <td>-0.264890</td>\n",
       "      <td>-0.487109</td>\n",
       "      <td>-0.351648</td>\n",
       "      <td>-0.325716</td>\n",
       "    </tr>\n",
       "    <tr>\n",
       "      <th>bodyfat</th>\n",
       "      <td>-0.987782</td>\n",
       "      <td>1.000000</td>\n",
       "      <td>0.291458</td>\n",
       "      <td>0.612414</td>\n",
       "      <td>-0.089495</td>\n",
       "      <td>0.490592</td>\n",
       "      <td>0.702620</td>\n",
       "      <td>0.813432</td>\n",
       "      <td>0.625201</td>\n",
       "      <td>0.559608</td>\n",
       "      <td>0.508665</td>\n",
       "      <td>0.265970</td>\n",
       "      <td>0.493271</td>\n",
       "      <td>0.361387</td>\n",
       "      <td>0.346575</td>\n",
       "    </tr>\n",
       "    <tr>\n",
       "      <th>Age</th>\n",
       "      <td>-0.277637</td>\n",
       "      <td>0.291458</td>\n",
       "      <td>1.000000</td>\n",
       "      <td>-0.012746</td>\n",
       "      <td>-0.171645</td>\n",
       "      <td>0.113505</td>\n",
       "      <td>0.176450</td>\n",
       "      <td>0.230409</td>\n",
       "      <td>-0.050332</td>\n",
       "      <td>-0.200096</td>\n",
       "      <td>0.017516</td>\n",
       "      <td>-0.105058</td>\n",
       "      <td>-0.041162</td>\n",
       "      <td>-0.085056</td>\n",
       "      <td>0.213531</td>\n",
       "    </tr>\n",
       "    <tr>\n",
       "      <th>Weight</th>\n",
       "      <td>-0.594062</td>\n",
       "      <td>0.612414</td>\n",
       "      <td>-0.012746</td>\n",
       "      <td>1.000000</td>\n",
       "      <td>0.308279</td>\n",
       "      <td>0.830716</td>\n",
       "      <td>0.894191</td>\n",
       "      <td>0.887995</td>\n",
       "      <td>0.940884</td>\n",
       "      <td>0.868694</td>\n",
       "      <td>0.853167</td>\n",
       "      <td>0.613685</td>\n",
       "      <td>0.800416</td>\n",
       "      <td>0.630301</td>\n",
       "      <td>0.729775</td>\n",
       "    </tr>\n",
       "    <tr>\n",
       "      <th>Height</th>\n",
       "      <td>0.097881</td>\n",
       "      <td>-0.089495</td>\n",
       "      <td>-0.171645</td>\n",
       "      <td>0.308279</td>\n",
       "      <td>1.000000</td>\n",
       "      <td>0.253710</td>\n",
       "      <td>0.134892</td>\n",
       "      <td>0.087813</td>\n",
       "      <td>0.170394</td>\n",
       "      <td>0.148436</td>\n",
       "      <td>0.286053</td>\n",
       "      <td>0.264744</td>\n",
       "      <td>0.207816</td>\n",
       "      <td>0.228649</td>\n",
       "      <td>0.322065</td>\n",
       "    </tr>\n",
       "    <tr>\n",
       "      <th>Neck</th>\n",
       "      <td>-0.472966</td>\n",
       "      <td>0.490592</td>\n",
       "      <td>0.113505</td>\n",
       "      <td>0.830716</td>\n",
       "      <td>0.253710</td>\n",
       "      <td>1.000000</td>\n",
       "      <td>0.784835</td>\n",
       "      <td>0.754077</td>\n",
       "      <td>0.734958</td>\n",
       "      <td>0.695697</td>\n",
       "      <td>0.672405</td>\n",
       "      <td>0.477892</td>\n",
       "      <td>0.731146</td>\n",
       "      <td>0.623660</td>\n",
       "      <td>0.744826</td>\n",
       "    </tr>\n",
       "    <tr>\n",
       "      <th>Chest</th>\n",
       "      <td>-0.682599</td>\n",
       "      <td>0.702620</td>\n",
       "      <td>0.176450</td>\n",
       "      <td>0.894191</td>\n",
       "      <td>0.134892</td>\n",
       "      <td>0.784835</td>\n",
       "      <td>1.000000</td>\n",
       "      <td>0.915828</td>\n",
       "      <td>0.829420</td>\n",
       "      <td>0.729859</td>\n",
       "      <td>0.719496</td>\n",
       "      <td>0.482988</td>\n",
       "      <td>0.727907</td>\n",
       "      <td>0.580173</td>\n",
       "      <td>0.660162</td>\n",
       "    </tr>\n",
       "    <tr>\n",
       "      <th>Abdomen</th>\n",
       "      <td>-0.798955</td>\n",
       "      <td>0.813432</td>\n",
       "      <td>0.230409</td>\n",
       "      <td>0.887995</td>\n",
       "      <td>0.087813</td>\n",
       "      <td>0.754077</td>\n",
       "      <td>0.915828</td>\n",
       "      <td>1.000000</td>\n",
       "      <td>0.874066</td>\n",
       "      <td>0.766624</td>\n",
       "      <td>0.737179</td>\n",
       "      <td>0.453223</td>\n",
       "      <td>0.684983</td>\n",
       "      <td>0.503316</td>\n",
       "      <td>0.619832</td>\n",
       "    </tr>\n",
       "    <tr>\n",
       "      <th>Hip</th>\n",
       "      <td>-0.609331</td>\n",
       "      <td>0.625201</td>\n",
       "      <td>-0.050332</td>\n",
       "      <td>0.940884</td>\n",
       "      <td>0.170394</td>\n",
       "      <td>0.734958</td>\n",
       "      <td>0.829420</td>\n",
       "      <td>0.874066</td>\n",
       "      <td>1.000000</td>\n",
       "      <td>0.896410</td>\n",
       "      <td>0.823473</td>\n",
       "      <td>0.558387</td>\n",
       "      <td>0.739273</td>\n",
       "      <td>0.545014</td>\n",
       "      <td>0.630090</td>\n",
       "    </tr>\n",
       "    <tr>\n",
       "      <th>Thigh</th>\n",
       "      <td>-0.553091</td>\n",
       "      <td>0.559608</td>\n",
       "      <td>-0.200096</td>\n",
       "      <td>0.868694</td>\n",
       "      <td>0.148436</td>\n",
       "      <td>0.695697</td>\n",
       "      <td>0.729859</td>\n",
       "      <td>0.766624</td>\n",
       "      <td>0.896410</td>\n",
       "      <td>1.000000</td>\n",
       "      <td>0.799170</td>\n",
       "      <td>0.539797</td>\n",
       "      <td>0.761477</td>\n",
       "      <td>0.566842</td>\n",
       "      <td>0.558685</td>\n",
       "    </tr>\n",
       "    <tr>\n",
       "      <th>Knee</th>\n",
       "      <td>-0.495040</td>\n",
       "      <td>0.508665</td>\n",
       "      <td>0.017516</td>\n",
       "      <td>0.853167</td>\n",
       "      <td>0.286053</td>\n",
       "      <td>0.672405</td>\n",
       "      <td>0.719496</td>\n",
       "      <td>0.737179</td>\n",
       "      <td>0.823473</td>\n",
       "      <td>0.799170</td>\n",
       "      <td>1.000000</td>\n",
       "      <td>0.611608</td>\n",
       "      <td>0.678709</td>\n",
       "      <td>0.555898</td>\n",
       "      <td>0.664507</td>\n",
       "    </tr>\n",
       "    <tr>\n",
       "      <th>Ankle</th>\n",
       "      <td>-0.264890</td>\n",
       "      <td>0.265970</td>\n",
       "      <td>-0.105058</td>\n",
       "      <td>0.613685</td>\n",
       "      <td>0.264744</td>\n",
       "      <td>0.477892</td>\n",
       "      <td>0.482988</td>\n",
       "      <td>0.453223</td>\n",
       "      <td>0.558387</td>\n",
       "      <td>0.539797</td>\n",
       "      <td>0.611608</td>\n",
       "      <td>1.000000</td>\n",
       "      <td>0.484855</td>\n",
       "      <td>0.419050</td>\n",
       "      <td>0.566195</td>\n",
       "    </tr>\n",
       "    <tr>\n",
       "      <th>Biceps</th>\n",
       "      <td>-0.487109</td>\n",
       "      <td>0.493271</td>\n",
       "      <td>-0.041162</td>\n",
       "      <td>0.800416</td>\n",
       "      <td>0.207816</td>\n",
       "      <td>0.731146</td>\n",
       "      <td>0.727907</td>\n",
       "      <td>0.684983</td>\n",
       "      <td>0.739273</td>\n",
       "      <td>0.761477</td>\n",
       "      <td>0.678709</td>\n",
       "      <td>0.484855</td>\n",
       "      <td>1.000000</td>\n",
       "      <td>0.678255</td>\n",
       "      <td>0.632126</td>\n",
       "    </tr>\n",
       "    <tr>\n",
       "      <th>Forearm</th>\n",
       "      <td>-0.351648</td>\n",
       "      <td>0.361387</td>\n",
       "      <td>-0.085056</td>\n",
       "      <td>0.630301</td>\n",
       "      <td>0.228649</td>\n",
       "      <td>0.623660</td>\n",
       "      <td>0.580173</td>\n",
       "      <td>0.503316</td>\n",
       "      <td>0.545014</td>\n",
       "      <td>0.566842</td>\n",
       "      <td>0.555898</td>\n",
       "      <td>0.419050</td>\n",
       "      <td>0.678255</td>\n",
       "      <td>1.000000</td>\n",
       "      <td>0.585588</td>\n",
       "    </tr>\n",
       "    <tr>\n",
       "      <th>Wrist</th>\n",
       "      <td>-0.325716</td>\n",
       "      <td>0.346575</td>\n",
       "      <td>0.213531</td>\n",
       "      <td>0.729775</td>\n",
       "      <td>0.322065</td>\n",
       "      <td>0.744826</td>\n",
       "      <td>0.660162</td>\n",
       "      <td>0.619832</td>\n",
       "      <td>0.630090</td>\n",
       "      <td>0.558685</td>\n",
       "      <td>0.664507</td>\n",
       "      <td>0.566195</td>\n",
       "      <td>0.632126</td>\n",
       "      <td>0.585588</td>\n",
       "      <td>1.000000</td>\n",
       "    </tr>\n",
       "  </tbody>\n",
       "</table>\n",
       "</div>"
      ],
      "text/plain": [
       "          Density   bodyfat       Age    Weight    Height      Neck     Chest  \\\n",
       "Density  1.000000 -0.987782 -0.277637 -0.594062  0.097881 -0.472966 -0.682599   \n",
       "bodyfat -0.987782  1.000000  0.291458  0.612414 -0.089495  0.490592  0.702620   \n",
       "Age     -0.277637  0.291458  1.000000 -0.012746 -0.171645  0.113505  0.176450   \n",
       "Weight  -0.594062  0.612414 -0.012746  1.000000  0.308279  0.830716  0.894191   \n",
       "Height   0.097881 -0.089495 -0.171645  0.308279  1.000000  0.253710  0.134892   \n",
       "Neck    -0.472966  0.490592  0.113505  0.830716  0.253710  1.000000  0.784835   \n",
       "Chest   -0.682599  0.702620  0.176450  0.894191  0.134892  0.784835  1.000000   \n",
       "Abdomen -0.798955  0.813432  0.230409  0.887995  0.087813  0.754077  0.915828   \n",
       "Hip     -0.609331  0.625201 -0.050332  0.940884  0.170394  0.734958  0.829420   \n",
       "Thigh   -0.553091  0.559608 -0.200096  0.868694  0.148436  0.695697  0.729859   \n",
       "Knee    -0.495040  0.508665  0.017516  0.853167  0.286053  0.672405  0.719496   \n",
       "Ankle   -0.264890  0.265970 -0.105058  0.613685  0.264744  0.477892  0.482988   \n",
       "Biceps  -0.487109  0.493271 -0.041162  0.800416  0.207816  0.731146  0.727907   \n",
       "Forearm -0.351648  0.361387 -0.085056  0.630301  0.228649  0.623660  0.580173   \n",
       "Wrist   -0.325716  0.346575  0.213531  0.729775  0.322065  0.744826  0.660162   \n",
       "\n",
       "          Abdomen       Hip     Thigh      Knee     Ankle    Biceps   Forearm  \\\n",
       "Density -0.798955 -0.609331 -0.553091 -0.495040 -0.264890 -0.487109 -0.351648   \n",
       "bodyfat  0.813432  0.625201  0.559608  0.508665  0.265970  0.493271  0.361387   \n",
       "Age      0.230409 -0.050332 -0.200096  0.017516 -0.105058 -0.041162 -0.085056   \n",
       "Weight   0.887995  0.940884  0.868694  0.853167  0.613685  0.800416  0.630301   \n",
       "Height   0.087813  0.170394  0.148436  0.286053  0.264744  0.207816  0.228649   \n",
       "Neck     0.754077  0.734958  0.695697  0.672405  0.477892  0.731146  0.623660   \n",
       "Chest    0.915828  0.829420  0.729859  0.719496  0.482988  0.727907  0.580173   \n",
       "Abdomen  1.000000  0.874066  0.766624  0.737179  0.453223  0.684983  0.503316   \n",
       "Hip      0.874066  1.000000  0.896410  0.823473  0.558387  0.739273  0.545014   \n",
       "Thigh    0.766624  0.896410  1.000000  0.799170  0.539797  0.761477  0.566842   \n",
       "Knee     0.737179  0.823473  0.799170  1.000000  0.611608  0.678709  0.555898   \n",
       "Ankle    0.453223  0.558387  0.539797  0.611608  1.000000  0.484855  0.419050   \n",
       "Biceps   0.684983  0.739273  0.761477  0.678709  0.484855  1.000000  0.678255   \n",
       "Forearm  0.503316  0.545014  0.566842  0.555898  0.419050  0.678255  1.000000   \n",
       "Wrist    0.619832  0.630090  0.558685  0.664507  0.566195  0.632126  0.585588   \n",
       "\n",
       "            Wrist  \n",
       "Density -0.325716  \n",
       "bodyfat  0.346575  \n",
       "Age      0.213531  \n",
       "Weight   0.729775  \n",
       "Height   0.322065  \n",
       "Neck     0.744826  \n",
       "Chest    0.660162  \n",
       "Abdomen  0.619832  \n",
       "Hip      0.630090  \n",
       "Thigh    0.558685  \n",
       "Knee     0.664507  \n",
       "Ankle    0.566195  \n",
       "Biceps   0.632126  \n",
       "Forearm  0.585588  \n",
       "Wrist    1.000000  "
      ]
     },
     "execution_count": 2136,
     "metadata": {},
     "output_type": "execute_result"
    }
   ],
   "source": [
    "df.corr()"
   ]
  },
  {
   "cell_type": "code",
   "execution_count": 2137,
   "metadata": {},
   "outputs": [
    {
     "data": {
      "text/plain": [
       "Density    0\n",
       "bodyfat    0\n",
       "Age        0\n",
       "Weight     0\n",
       "Height     0\n",
       "Neck       0\n",
       "Chest      0\n",
       "Abdomen    0\n",
       "Hip        0\n",
       "Thigh      0\n",
       "Knee       0\n",
       "Ankle      0\n",
       "Biceps     0\n",
       "Forearm    0\n",
       "Wrist      0\n",
       "dtype: int64"
      ]
     },
     "execution_count": 2137,
     "metadata": {},
     "output_type": "execute_result"
    }
   ],
   "source": [
    "df.isna().sum()"
   ]
  },
  {
   "cell_type": "code",
   "execution_count": 2138,
   "metadata": {},
   "outputs": [
    {
     "data": {
      "text/plain": [
       "Index(['Density', 'bodyfat', 'Age', 'Weight', 'Height', 'Neck', 'Chest',\n",
       "       'Abdomen', 'Hip', 'Thigh', 'Knee', 'Ankle', 'Biceps', 'Forearm',\n",
       "       'Wrist'],\n",
       "      dtype='object')"
      ]
     },
     "execution_count": 2138,
     "metadata": {},
     "output_type": "execute_result"
    }
   ],
   "source": [
    "df.columns"
   ]
  },
  {
   "cell_type": "code",
   "execution_count": 2139,
   "metadata": {},
   "outputs": [],
   "source": [
    "# Switch label column with the last column\n",
    "df = df[['Density', 'Age', 'Weight', 'Height', 'Neck', 'Chest',\n",
    "       'Abdomen', 'Hip', 'Thigh', 'Knee', 'Ankle', 'Biceps', 'Forearm',\n",
    "       'Wrist', 'bodyfat']]"
   ]
  },
  {
   "cell_type": "code",
   "execution_count": 2140,
   "metadata": {},
   "outputs": [
    {
     "data": {
      "text/html": [
       "<div>\n",
       "<style scoped>\n",
       "    .dataframe tbody tr th:only-of-type {\n",
       "        vertical-align: middle;\n",
       "    }\n",
       "\n",
       "    .dataframe tbody tr th {\n",
       "        vertical-align: top;\n",
       "    }\n",
       "\n",
       "    .dataframe thead th {\n",
       "        text-align: right;\n",
       "    }\n",
       "</style>\n",
       "<table border=\"1\" class=\"dataframe\">\n",
       "  <thead>\n",
       "    <tr style=\"text-align: right;\">\n",
       "      <th></th>\n",
       "      <th>Density</th>\n",
       "      <th>Age</th>\n",
       "      <th>Weight</th>\n",
       "      <th>Height</th>\n",
       "      <th>Neck</th>\n",
       "      <th>Chest</th>\n",
       "      <th>Abdomen</th>\n",
       "      <th>Hip</th>\n",
       "      <th>Thigh</th>\n",
       "      <th>Knee</th>\n",
       "      <th>Ankle</th>\n",
       "      <th>Biceps</th>\n",
       "      <th>Forearm</th>\n",
       "      <th>Wrist</th>\n",
       "      <th>bodyfat</th>\n",
       "    </tr>\n",
       "  </thead>\n",
       "  <tbody>\n",
       "    <tr>\n",
       "      <th>0</th>\n",
       "      <td>1.0708</td>\n",
       "      <td>23</td>\n",
       "      <td>154.25</td>\n",
       "      <td>67.75</td>\n",
       "      <td>36.2</td>\n",
       "      <td>93.1</td>\n",
       "      <td>85.2</td>\n",
       "      <td>94.5</td>\n",
       "      <td>59.0</td>\n",
       "      <td>37.3</td>\n",
       "      <td>21.9</td>\n",
       "      <td>32.0</td>\n",
       "      <td>27.4</td>\n",
       "      <td>17.1</td>\n",
       "      <td>12.3</td>\n",
       "    </tr>\n",
       "    <tr>\n",
       "      <th>1</th>\n",
       "      <td>1.0853</td>\n",
       "      <td>22</td>\n",
       "      <td>173.25</td>\n",
       "      <td>72.25</td>\n",
       "      <td>38.5</td>\n",
       "      <td>93.6</td>\n",
       "      <td>83.0</td>\n",
       "      <td>98.7</td>\n",
       "      <td>58.7</td>\n",
       "      <td>37.3</td>\n",
       "      <td>23.4</td>\n",
       "      <td>30.5</td>\n",
       "      <td>28.9</td>\n",
       "      <td>18.2</td>\n",
       "      <td>6.1</td>\n",
       "    </tr>\n",
       "    <tr>\n",
       "      <th>2</th>\n",
       "      <td>1.0414</td>\n",
       "      <td>22</td>\n",
       "      <td>154.00</td>\n",
       "      <td>66.25</td>\n",
       "      <td>34.0</td>\n",
       "      <td>95.8</td>\n",
       "      <td>87.9</td>\n",
       "      <td>99.2</td>\n",
       "      <td>59.6</td>\n",
       "      <td>38.9</td>\n",
       "      <td>24.0</td>\n",
       "      <td>28.8</td>\n",
       "      <td>25.2</td>\n",
       "      <td>16.6</td>\n",
       "      <td>25.3</td>\n",
       "    </tr>\n",
       "    <tr>\n",
       "      <th>3</th>\n",
       "      <td>1.0751</td>\n",
       "      <td>26</td>\n",
       "      <td>184.75</td>\n",
       "      <td>72.25</td>\n",
       "      <td>37.4</td>\n",
       "      <td>101.8</td>\n",
       "      <td>86.4</td>\n",
       "      <td>101.2</td>\n",
       "      <td>60.1</td>\n",
       "      <td>37.3</td>\n",
       "      <td>22.8</td>\n",
       "      <td>32.4</td>\n",
       "      <td>29.4</td>\n",
       "      <td>18.2</td>\n",
       "      <td>10.4</td>\n",
       "    </tr>\n",
       "    <tr>\n",
       "      <th>4</th>\n",
       "      <td>1.0340</td>\n",
       "      <td>24</td>\n",
       "      <td>184.25</td>\n",
       "      <td>71.25</td>\n",
       "      <td>34.4</td>\n",
       "      <td>97.3</td>\n",
       "      <td>100.0</td>\n",
       "      <td>101.9</td>\n",
       "      <td>63.2</td>\n",
       "      <td>42.2</td>\n",
       "      <td>24.0</td>\n",
       "      <td>32.2</td>\n",
       "      <td>27.7</td>\n",
       "      <td>17.7</td>\n",
       "      <td>28.7</td>\n",
       "    </tr>\n",
       "    <tr>\n",
       "      <th>...</th>\n",
       "      <td>...</td>\n",
       "      <td>...</td>\n",
       "      <td>...</td>\n",
       "      <td>...</td>\n",
       "      <td>...</td>\n",
       "      <td>...</td>\n",
       "      <td>...</td>\n",
       "      <td>...</td>\n",
       "      <td>...</td>\n",
       "      <td>...</td>\n",
       "      <td>...</td>\n",
       "      <td>...</td>\n",
       "      <td>...</td>\n",
       "      <td>...</td>\n",
       "      <td>...</td>\n",
       "    </tr>\n",
       "    <tr>\n",
       "      <th>247</th>\n",
       "      <td>1.0736</td>\n",
       "      <td>70</td>\n",
       "      <td>134.25</td>\n",
       "      <td>67.00</td>\n",
       "      <td>34.9</td>\n",
       "      <td>89.2</td>\n",
       "      <td>83.6</td>\n",
       "      <td>88.8</td>\n",
       "      <td>49.6</td>\n",
       "      <td>34.8</td>\n",
       "      <td>21.5</td>\n",
       "      <td>25.6</td>\n",
       "      <td>25.7</td>\n",
       "      <td>18.5</td>\n",
       "      <td>11.0</td>\n",
       "    </tr>\n",
       "    <tr>\n",
       "      <th>248</th>\n",
       "      <td>1.0236</td>\n",
       "      <td>72</td>\n",
       "      <td>201.00</td>\n",
       "      <td>69.75</td>\n",
       "      <td>40.9</td>\n",
       "      <td>108.5</td>\n",
       "      <td>105.0</td>\n",
       "      <td>104.5</td>\n",
       "      <td>59.6</td>\n",
       "      <td>40.8</td>\n",
       "      <td>23.2</td>\n",
       "      <td>35.2</td>\n",
       "      <td>28.6</td>\n",
       "      <td>20.1</td>\n",
       "      <td>33.6</td>\n",
       "    </tr>\n",
       "    <tr>\n",
       "      <th>249</th>\n",
       "      <td>1.0328</td>\n",
       "      <td>72</td>\n",
       "      <td>186.75</td>\n",
       "      <td>66.00</td>\n",
       "      <td>38.9</td>\n",
       "      <td>111.1</td>\n",
       "      <td>111.5</td>\n",
       "      <td>101.7</td>\n",
       "      <td>60.3</td>\n",
       "      <td>37.3</td>\n",
       "      <td>21.5</td>\n",
       "      <td>31.3</td>\n",
       "      <td>27.2</td>\n",
       "      <td>18.0</td>\n",
       "      <td>29.3</td>\n",
       "    </tr>\n",
       "    <tr>\n",
       "      <th>250</th>\n",
       "      <td>1.0399</td>\n",
       "      <td>72</td>\n",
       "      <td>190.75</td>\n",
       "      <td>70.50</td>\n",
       "      <td>38.9</td>\n",
       "      <td>108.3</td>\n",
       "      <td>101.3</td>\n",
       "      <td>97.8</td>\n",
       "      <td>56.0</td>\n",
       "      <td>41.6</td>\n",
       "      <td>22.7</td>\n",
       "      <td>30.5</td>\n",
       "      <td>29.4</td>\n",
       "      <td>19.8</td>\n",
       "      <td>26.0</td>\n",
       "    </tr>\n",
       "    <tr>\n",
       "      <th>251</th>\n",
       "      <td>1.0271</td>\n",
       "      <td>74</td>\n",
       "      <td>207.50</td>\n",
       "      <td>70.00</td>\n",
       "      <td>40.8</td>\n",
       "      <td>112.4</td>\n",
       "      <td>108.5</td>\n",
       "      <td>107.1</td>\n",
       "      <td>59.3</td>\n",
       "      <td>42.2</td>\n",
       "      <td>24.6</td>\n",
       "      <td>33.7</td>\n",
       "      <td>30.0</td>\n",
       "      <td>20.9</td>\n",
       "      <td>31.9</td>\n",
       "    </tr>\n",
       "  </tbody>\n",
       "</table>\n",
       "<p>252 rows × 15 columns</p>\n",
       "</div>"
      ],
      "text/plain": [
       "     Density  Age  Weight  Height  Neck  Chest  Abdomen    Hip  Thigh  Knee  \\\n",
       "0     1.0708   23  154.25   67.75  36.2   93.1     85.2   94.5   59.0  37.3   \n",
       "1     1.0853   22  173.25   72.25  38.5   93.6     83.0   98.7   58.7  37.3   \n",
       "2     1.0414   22  154.00   66.25  34.0   95.8     87.9   99.2   59.6  38.9   \n",
       "3     1.0751   26  184.75   72.25  37.4  101.8     86.4  101.2   60.1  37.3   \n",
       "4     1.0340   24  184.25   71.25  34.4   97.3    100.0  101.9   63.2  42.2   \n",
       "..       ...  ...     ...     ...   ...    ...      ...    ...    ...   ...   \n",
       "247   1.0736   70  134.25   67.00  34.9   89.2     83.6   88.8   49.6  34.8   \n",
       "248   1.0236   72  201.00   69.75  40.9  108.5    105.0  104.5   59.6  40.8   \n",
       "249   1.0328   72  186.75   66.00  38.9  111.1    111.5  101.7   60.3  37.3   \n",
       "250   1.0399   72  190.75   70.50  38.9  108.3    101.3   97.8   56.0  41.6   \n",
       "251   1.0271   74  207.50   70.00  40.8  112.4    108.5  107.1   59.3  42.2   \n",
       "\n",
       "     Ankle  Biceps  Forearm  Wrist  bodyfat  \n",
       "0     21.9    32.0     27.4   17.1     12.3  \n",
       "1     23.4    30.5     28.9   18.2      6.1  \n",
       "2     24.0    28.8     25.2   16.6     25.3  \n",
       "3     22.8    32.4     29.4   18.2     10.4  \n",
       "4     24.0    32.2     27.7   17.7     28.7  \n",
       "..     ...     ...      ...    ...      ...  \n",
       "247   21.5    25.6     25.7   18.5     11.0  \n",
       "248   23.2    35.2     28.6   20.1     33.6  \n",
       "249   21.5    31.3     27.2   18.0     29.3  \n",
       "250   22.7    30.5     29.4   19.8     26.0  \n",
       "251   24.6    33.7     30.0   20.9     31.9  \n",
       "\n",
       "[252 rows x 15 columns]"
      ]
     },
     "execution_count": 2140,
     "metadata": {},
     "output_type": "execute_result"
    }
   ],
   "source": [
    "df"
   ]
  },
  {
   "cell_type": "markdown",
   "metadata": {},
   "source": [
    "### Feature Scaling and Normalization"
   ]
  },
  {
   "cell_type": "code",
   "execution_count": 2141,
   "metadata": {},
   "outputs": [],
   "source": [
    "from scipy import stats\n",
    "from sklearn.preprocessing import MinMaxScaler"
   ]
  },
  {
   "cell_type": "markdown",
   "metadata": {},
   "source": [
    "#### Removing outliers"
   ]
  },
  {
   "cell_type": "code",
   "execution_count": 2142,
   "metadata": {},
   "outputs": [
    {
     "name": "stdout",
     "output_type": "stream",
     "text": [
      "(242, 15)\n"
     ]
    }
   ],
   "source": [
    "df = df[(np.abs(stats.zscore(df)) < 3).all(axis=1)] # remove outliers\n",
    "print(df.shape)"
   ]
  },
  {
   "cell_type": "markdown",
   "metadata": {},
   "source": [
    "#### Scanling with the MinMaxScaler"
   ]
  },
  {
   "cell_type": "code",
   "execution_count": 2143,
   "metadata": {},
   "outputs": [],
   "source": [
    "minmax = MinMaxScaler()\n",
    "df = minmax.fit_transform(df)"
   ]
  },
  {
   "cell_type": "code",
   "execution_count": 2144,
   "metadata": {},
   "outputs": [
    {
     "data": {
      "text/plain": [
       "array([[0.61437247, 0.01694915, 0.2776699 , ..., 0.40186916, 0.20833333,\n",
       "        0.30673317],\n",
       "       [0.7611336 , 0.        , 0.42524272, ..., 0.54205607, 0.4375    ,\n",
       "        0.1521197 ],\n",
       "       [0.31680162, 0.        , 0.27572816, ..., 0.19626168, 0.10416667,\n",
       "        0.63092269],\n",
       "       ...,\n",
       "       [0.22975709, 0.84745763, 0.53009709, ..., 0.38317757, 0.39583333,\n",
       "        0.73067332],\n",
       "       [0.30161943, 0.84745763, 0.56116505, ..., 0.58878505, 0.77083333,\n",
       "        0.64837905],\n",
       "       [0.17206478, 0.88135593, 0.69126214, ..., 0.64485981, 1.        ,\n",
       "        0.79551122]])"
      ]
     },
     "execution_count": 2144,
     "metadata": {},
     "output_type": "execute_result"
    }
   ],
   "source": [
    "df"
   ]
  },
  {
   "cell_type": "code",
   "execution_count": 2145,
   "metadata": {},
   "outputs": [],
   "source": [
    "X = df[: , :-1]\n",
    "Y = df[: , df.shape[1]-1:df.shape[1]]"
   ]
  },
  {
   "cell_type": "markdown",
   "metadata": {},
   "source": [
    "### Spliting to Train and Test data"
   ]
  },
  {
   "cell_type": "code",
   "execution_count": 2146,
   "metadata": {},
   "outputs": [],
   "source": [
    "X_train, X_test, y_train, y_test = train_test_split(X, Y, test_size=0.25, random_state=42)"
   ]
  },
  {
   "cell_type": "code",
   "execution_count": 2147,
   "metadata": {},
   "outputs": [
    {
     "data": {
      "text/plain": [
       "0.25206611570247933"
      ]
     },
     "execution_count": 2147,
     "metadata": {},
     "output_type": "execute_result"
    }
   ],
   "source": [
    "len(X_test) / (len(X_train) + len(X_test))"
   ]
  },
  {
   "cell_type": "markdown",
   "metadata": {},
   "source": [
    "# Part 1: Deep Linear Network"
   ]
  },
  {
   "cell_type": "markdown",
   "metadata": {},
   "source": [
    "We will start with a 2-layer deep linear network, which is a special case case obtained by setting all activation functions to an identity. Thus, the corresponding training problem is given by the following optimization problem:\n",
    "\n",
    "\n",
    "$$ min_{W_{2},W_{1}}  \\frac{1}{N} \\sum_{i=1}^{N} \\left \\| W_{2}W_{1}x_{i} - y_{i}\\right \\|_{2}^{2} + \\lambda_{1}\\left \\| W_{1} \\right \\|_{F}^{2} + \\lambda_{2}\\left \\| W_{2} \\right \\|_{F}^{2} $$\n",
    "\n",
    "We will implement several methods in order to compare them :\n",
    "* **BP with constant step-size**\n",
    "* **mini-bath SGD**\n",
    "* **ADAM**\n",
    "* **BCD**\n",
    "\n",
    "**KFold Cross Validation**\\\n",
    "The general procedure is as follows:\n",
    "\n",
    " Shuffle the dataset randomly.\\\n",
    "Split the dataset into k groups\\\n",
    "For each unique group:\n",
    "* Take the group as a hold out or test data set\n",
    "* Take the remaining groups as a training data set\n",
    "* Fit a model on the training set and evaluate it on the test set\n",
    "* Retain the evaluation score and discard the model\\\n",
    "Summarize the skill of the model using the sample of model evaluation scores"
   ]
  },
  {
   "cell_type": "code",
   "execution_count": 2148,
   "metadata": {},
   "outputs": [],
   "source": [
    "from sklearn.utils import shuffle"
   ]
  },
  {
   "cell_type": "code",
   "execution_count": 2149,
   "metadata": {},
   "outputs": [],
   "source": [
    "def getPreprocessedData():\n",
    "    data = pd.read_csv(\"data/Bodyfat.csv\", sep=',')\n",
    "    data = data[['Density', 'Age', 'Weight', 'Height', 'Neck', 'Chest','Abdomen', 'Hip', 'Thigh', 'Knee', 'Ankle', 'Biceps', 'Forearm', 'Wrist', 'bodyfat']]\n",
    "    data = data[(np.abs(stats.zscore(data)) < 3).all(axis=1)] # remove outliers\n",
    "    minmax = MinMaxScaler()\n",
    "    data = minmax.fit_transform(data)\n",
    "    X = data[: , :-1]\n",
    "    Y = data[: , data.shape[1]-1:data.shape[1]]\n",
    "    X_train, X_test, y_train, y_test = train_test_split(X, Y, test_size=0.25, random_state=42)\n",
    "    \n",
    "    return X_train, X_test, y_train, y_test"
   ]
  },
  {
   "cell_type": "code",
   "execution_count": 2277,
   "metadata": {},
   "outputs": [],
   "source": [
    "def getData():\n",
    "    \n",
    "    data = pd.read_csv(\"data/Bodyfat.csv\", sep=',')\n",
    "    data = data[['Density', 'Age', 'Weight', 'Height', 'Neck', 'Chest','Abdomen', 'Hip', 'Thigh', 'Knee', 'Ankle', 'Biceps', 'Forearm', 'Wrist', 'bodyfat']]\n",
    "    data = data[(np.abs(stats.zscore(data)) < 3).all(axis=1)] # remove outliers\n",
    "    \n",
    "    minmax = MinMaxScaler()\n",
    "    data = minmax.fit_transform(data)\n",
    "        \n",
    "    return data"
   ]
  },
  {
   "cell_type": "markdown",
   "metadata": {},
   "source": [
    "### Question a- BP with constant step-size"
   ]
  },
  {
   "cell_type": "code",
   "execution_count": 2291,
   "metadata": {},
   "outputs": [],
   "source": [
    "def computePartialDerivative(X, Y, W1, W2, lambda1, lambda2) :\n",
    "    \n",
    "    W1_W2 = np.dot(W2, W1)\n",
    "    ffwd = (2/X.shape[0])*(np.dot(W1_W2, X).T - Y)        \n",
    "    \n",
    "    # for grad_1\n",
    "    tmp_1 = np.dot(W2.T, ffwd.T)\n",
    "    tmp_2 = np.dot(tmp_1, X.T)\n",
    "    \n",
    "    # for grad 2\n",
    "    W1_XT = np.dot(W1, X) \n",
    "    \n",
    "    # compute the final result\n",
    "    grad_1 = tmp_2 + 2*lambda1*W1\n",
    "    grad_2 = np.dot(ffwd.T, W1_XT.T) + 2*lambda2*W2\n",
    "    \n",
    "    \n",
    "    return grad_1, grad_2\n",
    "\n",
    "\n",
    "def computeLoss(X, Y, W1, W2, lambda1, lambda2) :\n",
    "    \n",
    "    W1_W2 = np.dot(W2, W1)\n",
    "    ffwd = np.dot(W1_W2, X) - Y\n",
    "    \n",
    "    norm_1 =  (1/X.shape[0])*np.linalg.norm(ffwd) \n",
    "    norm_2 = lambda1*np.linalg.norm(W1) \n",
    "    norm_3 = lambda2*np.linalg.norm(W2)\n",
    "\n",
    "    return norm_1 + norm_2 + norm_3\n",
    "\n",
    "def MSE(loss):\n",
    "    return np.sum((loss)**2)/(len(loss))"
   ]
  },
  {
   "cell_type": "code",
   "execution_count": 2292,
   "metadata": {},
   "outputs": [],
   "source": [
    "def backPropagation(X_train, X_test, y_train, y_test, W1, W2, lambda1, lambda2, alpha, N, with_print) :\n",
    "    \n",
    "    lossTrain = np.zeros(N)\n",
    "    lossTest = np.zeros(N)\n",
    "    \n",
    "    # just to avoid prints when we do cross validation   \n",
    "    if (with_print):\n",
    "        for i in tqdm(range(N)) :\n",
    "\n",
    "            lossTrain_ = computeLoss(X_train, y_train, W1, W2, lambda1, lambda2)\n",
    "            lossTest_ = computeLoss(X_test, y_test, W1, W2, lambda1, lambda2)\n",
    "\n",
    "            lossTrain[i] = lossTrain_\n",
    "            lossTest[i] = lossTest_\n",
    "\n",
    "            grad_1, grad_2 = computePartialDerivative(X_train, y_train, W1, W2, lambda1, lambda2)\n",
    "\n",
    "            W1 = W1 - alpha*grad_1\n",
    "            W2 = W2 - alpha*grad_2\n",
    "        \n",
    "        MSE_train = MSE(lossTrain)\n",
    "        MSE_test = MSE(lossTest)\n",
    "\n",
    "        print(\"W2.shape : \", W2.shape)\n",
    "        print(\"W1.shape : \", W1.shape)\n",
    "        print(\"X.shape : \", X.shape)\n",
    "        print(\"Loss mean : \", lossArray.mean())\n",
    "        \n",
    "        return W1, W2, lossTrain, lossTest, MSE_train, MSE_test\n",
    "    \n",
    "    \n",
    "    else :\n",
    "        \n",
    "        for i in range(N) :\n",
    "\n",
    "            lossTrain_ = computeLoss(X_train, y_train, W1, W2, lambda1, lambda2)\n",
    "            lossTest_ = computeLoss(X_test, y_test, W1, W2, lambda1, lambda2)\n",
    "\n",
    "            lossTrain[i] = lossTrain_\n",
    "            lossTest[i] = lossTest_\n",
    "\n",
    "            grad_1, grad_2 = computePartialDerivative(X_train, y_train, W1, W2, lambda1, lambda2)\n",
    "\n",
    "            W1 = W1 - alpha*grad_1\n",
    "            W2 = W2 - alpha*grad_2\n",
    "        \n",
    "        MSE_train = MSE(lossTrain)\n",
    "        MSE_test = MSE(lossTest)\n",
    "       \n",
    "        return W1, W2, lossTrain, lossTest, MSE_train, MSE_test"
   ]
  },
  {
   "cell_type": "code",
   "execution_count": 2319,
   "metadata": {},
   "outputs": [],
   "source": [
    "def KFoldCrossValidation_BP(k, X, Y, lambda1, lambda2, N, min_neurons, max_neurons,alphas, with_print=0):\n",
    "    \n",
    "    ts = int(len(X)/k)\n",
    "    loss = []\n",
    "    mse = []\n",
    "    best_val = []\n",
    "    neurons = range(min_neurons,max_neurons+1)\n",
    "    \n",
    "    df = getData()\n",
    "    \n",
    "    \n",
    "    \n",
    "    for i in tqdm(range(k)) :\n",
    "        # fix number of neurons\n",
    "        for n_neuron in neurons:\n",
    "            # fix learning rate\n",
    "            for alpha in alphas :\n",
    "                # fix lambda 1\n",
    "                for l1 in lambda1 :\n",
    "                    # fix lambda 2\n",
    "                    for l2 in lambda2 :\n",
    "                        # shuffle the dataset\n",
    "                        df = shuffle(df)\n",
    "                        \n",
    "                        # to avoid having same random_state in each iteration\n",
    "                        randomValue = np.random.randint(50,size=1)[0]\n",
    "                        # The test sample resprensents the N/k size of the dataset with KFold\n",
    "                        X_train, X_test, y_train, y_test = train_test_split(X, Y, test_size=ts, random_state=randomValue)\n",
    "\n",
    "                        W1 = np.random.rand(n_neuron,d)\n",
    "                        W2 = np.random.rand(1,n_neuron)\n",
    "                        \n",
    "                        # Training and testing\n",
    "                        W1, W2, lossTrain, lossTest, MSE_train, MSE_test = backPropagation(X_train.T, X_test.T, y_train, y_test, W1, W2, l1, l2, alpha, N, with_print)\n",
    "                        \n",
    "                        # cost\n",
    "                        real_loss = computeLoss(X_test.T, y_test, W1, W2, l1, l2)  \n",
    "                        loss.append(real_loss)\n",
    "                        \n",
    "                        loss_arr = np.array(loss)\n",
    "                        real_mse = MSE(loss_arr)\n",
    "                        mse.append(real_mse)\n",
    "\n",
    "                        # hyper params\n",
    "                        best_val.append((l1,l2,alpha, n_neuron))\n",
    "                \n",
    "\n",
    "    # return the best two params l1, l2\n",
    "    l1_, l2_, alpha_, n_neuron_ = best_val[loss.index(min(loss))]\n",
    "    return loss, mse, best_val, l1_, l2_, alpha_, n_neuron_\n",
    "    \n",
    "    \n",
    "    \"\"\"\n",
    "    X_train = X[:len(X)-int(len(X)/k) , :]\n",
    "    X_test  = X[len(X)-int(len(X)/k):len(X) , :]\n",
    "    \n",
    "    y_train = Y[:len(Y)-int(len(Y)/k) , :]\n",
    "    y_test  = Y[len(Y)-int(len(Y)/k):len(Y) , :]\n",
    "    \n",
    "    pas_x = int(len(X)/k)\n",
    "    pas_y = int(len(Y)/k)\n",
